 38 moves
3 6 4 8
2 11 7 15
5 9 12 14
10 13 1 0

 15 moves
1 7 2 3
5 11 12 4
9 6 14 8
13 10 0 15

 33 moves
1 2 7 8
5 3 0 11
10 15 13 12
9 4 6 14


 80 moves
15 14 8 12
10 11 9 13
2 6 5 1
3 7 4 0

 65 moves
14 4 13 9
8 6 10 2
7 0 15 1
12 11 3 5

 69 moves
8 7 14 13
11 4 2 9
3 12 6 10
0 15 5 1


default
1 2 3 4 5
6 7 8 9 10
11 12 13 14 15
16 17 18 19 20
21 22 23 0 24


 43 moves
11  3  6  15  9
12  7  1  2  5
8 14 13  10 4
16 17 0 18 20
21 22 23 19 24


60 moves   335s
3  7  6  15 9 
11 1  13 2  5 
12 14 10 23 0 
8  22 17 18 4 
16 21 19 24 20




test conflicts
3 2 1 4 5
6 7 8 9 10
11 12 13 14 15
16 17 18 19 20
21 22 23 24 0


1 2 3 4 5
6 7 8 9 10
11 12 0 19 15
16 17 18 24 20
21 22 23 14 13







	